Hi!Hi!Hi!


Hi!
bush/George_W_Bush_0091.jpg
250
250
3
1 1 1 1 1 1 1 1 1 1 1 1 1 1 1 1 1 1 1 1 0 0 0 0 0 0 0 0 0 0 0 0 0 0 0 0 0 0 0 0 0 0 0 0 0 0 0 0 0 0 
1 1 1 1 1 1 1 1 1 1 1 1 1 1 1 1 1 1 1 1 1 1 1 1 1 1 0 1 0 1 0 1 0 1 0 1 0 1 0 1 0 1 0 1 0 1 0 1 0 1 
0 0 0 0 0 1 1 1 1 1 1 0 0 0 0 0 1 1 1 1 1 1 1 1 1 1 1 1 1 1 1 1 1 1 1 1 1 1 1 1 1 1 1 1 1 1 1 1 1 1 
0 0 0 0 0 0 0 0 0 0 0 0 0 0 0 0 1 1 1 1 1 1 1 1 1 1 1 1 1 1 1 1 1 1 1 1 1 1 1 1 1 1 1 1 1 1 1 1 1 1 
0 0 0 0 0 0 0 0 0 0 0 0 0 0 0 0 1 1 1 1 1 1 1 1 1 1 1 1 1 1 1 1 1 1 1 1 1 1 1 1 1 1 1 1 1 1 1 1 1 1 
0 0 0 0 0 0 0 0 0 0 0 0 0 0 0 0 1 1 1 1 1 1 1 1 1 1 1 1 1 1 1 1 1 1 1 1 1 1 1 1 1 1 1 1 1 1 1 1 1 1 
1 1 1 1 1 1 1 1 1 1 1 1 1 1 1 1 1 0 1 1 1 1 1 1 1 1 1 1 1 1 1 1 1 1 1 1 1 1 1 1 1 1 1 1 1 1 1 1 1 1 
1 1 1 1 1 1 1 1 1 1 1 1 1 1 1 1 1 1 1 1 1 1 1 1 1 1 1 1 1 1 1 1 1 1 1 1 1 1 1 1 1 1 1 1 1 1 1 1 1 1 
0 0 0 0 0 0 0 0 0 0 0 0 0 0 0 0 0 0 0 0 0 0 0 0 0 0 0 0 0 0 0 0 0 0 0 0 0 0 0 0 0 0 0 0 0 0 0 0 0 0 
0 0 0 0 0 0 0 0 0 0 0 0 0 0 0 0 0 0 0 0 0 0 0 0 0 0 0 0 0 0 0 0 0 0 0 0 0 0 0 0 0 0 0 0 0 0 0 0 0 0 
0 0 0 0 0 0 0 0 0 0 0 0 0 0 0 0 0 0 0 0 0 0 0 0 0 0 0 0 0 0 0 0 0 0 0 0 0 0 0 0 0 0 0 0 0 0 0 0 0 0 
0 0 0 0 0 0 0 0 0 0 0 0 0 0 0 0 0 0 0 0 0 0 0 0 0 0 0 0 0 0 0 0 0 0 0 0 0 0 0 0 0 0 0 0 0 0 0 0 0 0 
0 0 0 0 0 0 0 0 0 0 0 0 0 0 0 0 0 0 0 0 0 0 0 0 0 0 0 0 0 0 0 0 0 0 0 0 0 0 0 0 0 0 0 0 0 0 0 0 0 0 
0 0 0 0 0 0 0 0 0 0 0 0 0 0 0 0 0 0 0 0 0 0 0 0 0 0 0 0 0 0 0 0 0 0 0 0 0 0 0 0 0 0 0 0 0 0 0 0 0 0 
0 0 0 0 0 0 0 0 0 0 0 0 0 0 0 0 0 0 0 0 0 0 0 0 0 0 0 0 0 0 0 0 0 0 0 0 0 0 0 0 0 0 0 0 0 0 0 0 0 0 
0 0 0 0 0 0 0 0 0 0 0 0 0 0 0 0 0 0 0 0 0 0 0 0 0 0 0 0 0 0 0 0 0 0 0 0 0 0 0 0 0 0 0 0 0 0 0 0 0 0 
0 0 0 0 0 0 0 0 0 0 0 0 0 0 0 0 0 0 0 0 0 0 0 0 0 0 0 0 0 0 0 0 0 0 0 0 0 0 0 0 0 0 0 0 0 0 0 0 0 0 
0 0 0 0 0 0 0 0 0 0 0 0 0 0 0 0 0 0 0 0 0 0 0 0 0 0 0 0 0 0 0 0 0 0 0 0 0 0 0 0 0 0 0 0 0 0 0 0 0 0 
0 0 0 0 0 0 0 0 0 0 0 0 0 0 0 0 0 0 0 0 0 0 0 0 0 0 0 0 0 0 0 0 0 0 0 0 0 0 0 0 0 0 0 0 0 0 0 0 0 0 
0 0 0 0 0 0 0 0 0 0 0 0 0 0 0 0 0 0 0 0 0 0 0 0 0 0 0 0 0 0 0 0 0 0 0 0 0 0 0 0 0 0 0 0 0 0 0 0 0 0 
0 0 0 0 0 0 0 0 0 0 0 0 0 0 0 0 0 0 0 0 0 0 0 0 0 0 0 0 0 0 0 0 0 0 0 0 0 0 0 0 0 0 0 0 0 0 0 0 0 0 
0 0 0 0 0 0 0 0 0 0 0 0 0 0 0 0 0 0 0 0 0 0 0 0 0 0 0 0 0 0 0 0 0 0 0 0 0 0 0 0 0 0 0 0 0 0 0 0 0 0 
0 0 0 0 0 0 0 0 0 0 0 0 0 0 0 0 0 0 0 0 0 0 0 0 0 0 0 0 0 0 0 0 0 0 0 0 0 0 0 0 0 0 0 0 0 0 0 0 0 0 
0 0 0 0 0 0 0 0 0 0 0 0 0 0 0 0 0 0 0 0 0 0 0 0 0 0 0 0 0 0 0 0 0 0 0 0 0 0 0 0 0 0 0 0 0 0 0 0 0 0 
0 0 0 0 0 0 0 0 0 0 0 0 0 0 0 0 0 0 0 0 0 0 0 0 0 0 0 0 0 0 0 0 0 0 0 0 0 0 0 0 0 0 0 0 0 0 0 0 0 0 
0 0 0 0 0 0 0 0 0 0 0 0 0 0 0 0 0 0 0 0 0 0 0 0 0 0 0 0 0 0 0 0 0 0 0 0 0 0 0 0 0 0 0 0 0 0 0 0 0 0 
0 0 0 0 0 0 0 0 0 0 0 0 0 0 0 0 0 0 0 0 0 0 0 0 0 0 0 0 0 0 0 0 0 0 0 0 0 0 0 0 0 0 0 0 0 0 0 0 0 0 
0 0 0 0 0 0 0 0 0 0 0 0 0 0 0 0 0 0 0 0 0 0 0 0 0 0 0 0 0 0 0 0 0 0 0 0 0 0 0 0 0 0 0 0 0 0 0 0 0 0 
0 0 0 0 0 0 0 0 0 0 0 0 0 0 0 0 0 0 0 0 0 0 0 0 0 0 0 0 0 0 0 0 0 0 0 0 0 0 0 0 0 0 0 0 0 0 0 0 0 0 
0 0 0 0 0 0 0 0 0 0 0 0 0 0 0 0 0 0 0 0 0 0 0 0 0 0 0 0 0 0 0 0 0 0 0 0 0 0 0 0 0 0 0 0 0 0 0 0 0 0 
0 0 0 0 0 0 0 0 0 0 0 0 0 0 0 0 0 0 0 0 0 0 0 0 0 0 0 0 0 0 0 0 0 0 0 0 0 0 0 0 0 0 0 0 0 0 0 0 0 0 
0 0 0 0 0 0 0 0 0 0 0 0 0 0 0 0 0 0 0 0 0 0 0 0 0 0 0 0 0 0 0 0 0 0 0 0 0 0 0 0 0 0 0 0 0 0 0 0 0 0 
0 0 0 0 0 0 0 0 0 0 0 0 0 0 0 0 0 0 0 0 0 0 0 0 0 0 0 0 0 0 0 0 0 0 0 0 0 0 0 0 0 0 0 0 0 0 0 0 0 0 
0 0 0 0 0 0 0 0 0 0 0 0 0 0 0 0 0 0 0 0 0 0 0 0 0 0 0 0 0 0 0 0 0 0 0 0 0 0 0 0 0 0 0 0 0 0 0 0 0 0 
0 0 0 0 0 0 0 0 0 0 0 0 0 0 0 0 0 0 0 0 0 0 0 0 0 0 0 0 0 0 0 0 0 0 0 0 0 0 0 0 0 0 0 0 0 0 0 0 0 0 
0 0 0 0 0 0 0 0 0 0 0 0 0 0 0 0 0 0 0 0 0 0 0 0 0 0 0 0 0 0 0 0 0 0 0 0 0 0 0 0 0 0 0 0 0 0 0 0 0 0 
0 0 0 0 0 0 0 0 0 0 0 0 0 0 0 0 0 0 0 0 0 0 0 0 0 0 0 0 0 0 0 0 0 0 0 0 0 0 0 0 0 0 0 0 0 0 0 0 0 0 
0 0 0 0 0 0 0 0 0 0 0 0 0 0 0 0 0 0 0 0 0 0 0 0 0 0 0 0 0 0 0 0 0 0 0 0 0 0 0 0 0 0 0 0 0 0 0 0 0 0 
0 0 0 0 0 0 0 0 0 0 0 0 0 0 0 0 0 0 0 0 0 0 0 0 0 0 0 0 0 0 0 0 0 0 0 0 0 0 0 0 0 0 0 0 0 0 0 0 0 0 
0 0 0 0 0 0 0 0 0 0 0 0 0 0 0 0 0 0 0 0 0 0 0 0 0 0 0 0 0 0 0 0 0 0 0 0 0 0 0 0 0 0 0 0 0 0 0 0 0 1 
0 0 0 0 0 0 0 0 0 0 0 0 0 0 0 0 0 0 0 0 0 0 0 0 0 0 0 0 0 0 0 0 0 0 0 0 0 0 0 0 0 0 0 0 0 0 0 0 1 1 
0 0 0 0 0 0 0 0 0 0 0 0 0 0 0 0 0 0 0 0 0 0 0 0 0 0 0 0 0 0 0 0 0 0 0 0 0 0 0 0 0 0 0 0 0 0 0 0 1 1 
0 0 0 0 0 0 0 0 0 0 0 0 0 0 0 0 0 0 0 0 0 0 0 0 0 0 0 0 0 0 0 0 0 0 0 0 0 0 0 0 0 0 0 0 0 0 0 1 1 1 
0 0 0 0 0 0 0 0 0 0 0 0 0 0 0 0 0 0 0 0 0 0 0 0 0 0 0 0 0 0 0 0 0 0 0 0 0 0 0 0 0 0 0 0 0 0 0 1 1 1 
0 0 0 0 0 0 0 0 0 0 0 0 0 0 0 0 0 0 0 0 0 0 0 0 0 0 0 0 0 0 0 0 0 0 0 0 0 0 0 0 0 0 0 0 0 0 1 1 1 1 
0 0 0 0 0 0 0 0 0 0 0 0 0 0 0 0 0 0 0 0 0 0 0 0 0 0 0 0 0 0 0 0 0 0 0 0 0 0 0 0 0 0 0 0 0 0 1 1 1 0 
0 0 0 0 0 0 0 0 0 0 0 0 0 0 0 0 0 0 0 0 0 0 0 0 0 0 0 0 0 0 0 0 0 0 0 0 0 0 0 0 0 0 0 0 0 1 1 1 1 0 
0 0 0 0 0 0 0 0 0 0 0 0 0 0 0 0 0 0 0 0 0 0 0 0 0 0 0 0 0 0 0 0 0 0 0 0 0 0 0 0 0 0 0 0 0 1 1 1 1 0 
0 0 0 0 0 0 0 0 0 0 0 0 0 0 0 0 0 0 0 0 0 0 0 0 0 0 0 0 0 0 0 0 0 0 0 0 0 0 0 0 0 0 0 0 0 1 1 1 0 0 
0 0 0 0 0 0 0 0 0 0 0 0 0 0 0 0 0 0 0 0 0 0 0 0 0 0 0 0 0 0 0 0 0 0 0 0 0 0 0 0 0 0 0 0 0 1 1 1 0 0 
-------------------------------
1 2 3 4 5 6 7 8 9 10 11 12 13 14 15 16 17 18 19 20 20 20 20 20 20 20 20 20 20 20 20 20 20 20 20 20 20 20 20 20 20 20 20 20 20 20 20 20 20 20 
2 4 6 8 10 12 14 16 18 20 22 24 26 28 30 32 34 36 38 40 41 42 43 44 45 46 46 47 47 48 48 49 49 50 50 51 51 52 52 53 53 54 54 55 55 56 56 57 57 58 
2 4 6 8 10 13 16 19 22 25 28 30 32 34 36 38 41 44 47 50 52 54 56 58 60 62 63 65 66 68 69 71 72 74 75 77 78 80 81 83 84 86 87 89 90 92 93 95 96 98 
2 4 6 8 10 13 16 19 22 25 28 30 32 34 36 38 42 46 50 54 57 60 63 66 69 72 74 77 79 82 84 87 89 92 94 97 99 102 104 107 109 112 114 117 119 122 124 127 129 132 
2 4 6 8 10 13 16 19 22 25 28 30 32 34 36 38 43 48 53 58 62 66 70 74 78 82 85 89 92 96 99 103 106 110 113 117 120 124 127 131 134 138 141 145 148 152 155 159 162 166 
2 4 6 8 10 13 16 19 22 25 28 30 32 34 36 38 44 50 56 62 67 72 77 82 87 92 96 101 105 110 114 119 123 128 132 137 141 146 150 155 159 164 168 173 177 182 186 191 195 200 
3 6 9 12 15 19 23 27 31 35 39 42 45 48 51 54 61 67 74 81 87 93 99 105 111 117 122 128 133 139 144 150 155 161 166 172 177 183 188 194 199 205 210 216 221 227 232 238 243 249 
4 8 12 16 20 25 30 35 40 45 50 54 58 62 66 70 78 85 93 101 108 115 122 129 136 143 149 156 162 169 175 182 188 195 201 208 214 221 227 234 240 247 253 260 266 273 279 286 292 299 
4 8 12 16 20 25 30 35 40 45 50 54 58 62 66 70 78 85 93 101 108 115 122 129 136 143 149 156 162 169 175 182 188 195 201 208 214 221 227 234 240 247 253 260 266 273 279 286 292 299 
4 8 12 16 20 25 30 35 40 45 50 54 58 62 66 70 78 85 93 101 108 115 122 129 136 143 149 156 162 169 175 182 188 195 201 208 214 221 227 234 240 247 253 260 266 273 279 286 292 299 
4 8 12 16 20 25 30 35 40 45 50 54 58 62 66 70 78 85 93 101 108 115 122 129 136 143 149 156 162 169 175 182 188 195 201 208 214 221 227 234 240 247 253 260 266 273 279 286 292 299 
4 8 12 16 20 25 30 35 40 45 50 54 58 62 66 70 78 85 93 101 108 115 122 129 136 143 149 156 162 169 175 182 188 195 201 208 214 221 227 234 240 247 253 260 266 273 279 286 292 299 
4 8 12 16 20 25 30 35 40 45 50 54 58 62 66 70 78 85 93 101 108 115 122 129 136 143 149 156 162 169 175 182 188 195 201 208 214 221 227 234 240 247 253 260 266 273 279 286 292 299 
4 8 12 16 20 25 30 35 40 45 50 54 58 62 66 70 78 85 93 101 108 115 122 129 136 143 149 156 162 169 175 182 188 195 201 208 214 221 227 234 240 247 253 260 266 273 279 286 292 299 
4 8 12 16 20 25 30 35 40 45 50 54 58 62 66 70 78 85 93 101 108 115 122 129 136 143 149 156 162 169 175 182 188 195 201 208 214 221 227 234 240 247 253 260 266 273 279 286 292 299 
4 8 12 16 20 25 30 35 40 45 50 54 58 62 66 70 78 85 93 101 108 115 122 129 136 143 149 156 162 169 175 182 188 195 201 208 214 221 227 234 240 247 253 260 266 273 279 286 292 299 
4 8 12 16 20 25 30 35 40 45 50 54 58 62 66 70 78 85 93 101 108 115 122 129 136 143 149 156 162 169 175 182 188 195 201 208 214 221 227 234 240 247 253 260 266 273 279 286 292 299 
4 8 12 16 20 25 30 35 40 45 50 54 58 62 66 70 78 85 93 101 108 115 122 129 136 143 149 156 162 169 175 182 188 195 201 208 214 221 227 234 240 247 253 260 266 273 279 286 292 299 
4 8 12 16 20 25 30 35 40 45 50 54 58 62 66 70 78 85 93 101 108 115 122 129 136 143 149 156 162 169 175 182 188 195 201 208 214 221 227 234 240 247 253 260 266 273 279 286 292 299 
4 8 12 16 20 25 30 35 40 45 50 54 58 62 66 70 78 85 93 101 108 115 122 129 136 143 149 156 162 169 175 182 188 195 201 208 214 221 227 234 240 247 253 260 266 273 279 286 292 299 
4 8 12 16 20 25 30 35 40 45 50 54 58 62 66 70 78 85 93 101 108 115 122 129 136 143 149 156 162 169 175 182 188 195 201 208 214 221 227 234 240 247 253 260 266 273 279 286 292 299 
4 8 12 16 20 25 30 35 40 45 50 54 58 62 66 70 78 85 93 101 108 115 122 129 136 143 149 156 162 169 175 182 188 195 201 208 214 221 227 234 240 247 253 260 266 273 279 286 292 299 
4 8 12 16 20 25 30 35 40 45 50 54 58 62 66 70 78 85 93 101 108 115 122 129 136 143 149 156 162 169 175 182 188 195 201 208 214 221 227 234 240 247 253 260 266 273 279 286 292 299 
4 8 12 16 20 25 30 35 40 45 50 54 58 62 66 70 78 85 93 101 108 115 122 129 136 143 149 156 162 169 175 182 188 195 201 208 214 221 227 234 240 247 253 260 266 273 279 286 292 299 
4 8 12 16 20 25 30 35 40 45 50 54 58 62 66 70 78 85 93 101 108 115 122 129 136 143 149 156 162 169 175 182 188 195 201 208 214 221 227 234 240 247 253 260 266 273 279 286 292 299 
4 8 12 16 20 25 30 35 40 45 50 54 58 62 66 70 78 85 93 101 108 115 122 129 136 143 149 156 162 169 175 182 188 195 201 208 214 221 227 234 240 247 253 260 266 273 279 286 292 299 
4 8 12 16 20 25 30 35 40 45 50 54 58 62 66 70 78 85 93 101 108 115 122 129 136 143 149 156 162 169 175 182 188 195 201 208 214 221 227 234 240 247 253 260 266 273 279 286 292 299 
4 8 12 16 20 25 30 35 40 45 50 54 58 62 66 70 78 85 93 101 108 115 122 129 136 143 149 156 162 169 175 182 188 195 201 208 214 221 227 234 240 247 253 260 266 273 279 286 292 299 
4 8 12 16 20 25 30 35 40 45 50 54 58 62 66 70 78 85 93 101 108 115 122 129 136 143 149 156 162 169 175 182 188 195 201 208 214 221 227 234 240 247 253 260 266 273 279 286 292 299 
4 8 12 16 20 25 30 35 40 45 50 54 58 62 66 70 78 85 93 101 108 115 122 129 136 143 149 156 162 169 175 182 188 195 201 208 214 221 227 234 240 247 253 260 266 273 279 286 292 299 
4 8 12 16 20 25 30 35 40 45 50 54 58 62 66 70 78 85 93 101 108 115 122 129 136 143 149 156 162 169 175 182 188 195 201 208 214 221 227 234 240 247 253 260 266 273 279 286 292 299 
4 8 12 16 20 25 30 35 40 45 50 54 58 62 66 70 78 85 93 101 108 115 122 129 136 143 149 156 162 169 175 182 188 195 201 208 214 221 227 234 240 247 253 260 266 273 279 286 292 299 
4 8 12 16 20 25 30 35 40 45 50 54 58 62 66 70 78 85 93 101 108 115 122 129 136 143 149 156 162 169 175 182 188 195 201 208 214 221 227 234 240 247 253 260 266 273 279 286 292 299 
4 8 12 16 20 25 30 35 40 45 50 54 58 62 66 70 78 85 93 101 108 115 122 129 136 143 149 156 162 169 175 182 188 195 201 208 214 221 227 234 240 247 253 260 266 273 279 286 292 299 
4 8 12 16 20 25 30 35 40 45 50 54 58 62 66 70 78 85 93 101 108 115 122 129 136 143 149 156 162 169 175 182 188 195 201 208 214 221 227 234 240 247 253 260 266 273 279 286 292 299 
4 8 12 16 20 25 30 35 40 45 50 54 58 62 66 70 78 85 93 101 108 115 122 129 136 143 149 156 162 169 175 182 188 195 201 208 214 221 227 234 240 247 253 260 266 273 279 286 292 299 
4 8 12 16 20 25 30 35 40 45 50 54 58 62 66 70 78 85 93 101 108 115 122 129 136 143 149 156 162 169 175 182 188 195 201 208 214 221 227 234 240 247 253 260 266 273 279 286 292 299 
4 8 12 16 20 25 30 35 40 45 50 54 58 62 66 70 78 85 93 101 108 115 122 129 136 143 149 156 162 169 175 182 188 195 201 208 214 221 227 234 240 247 253 260 266 273 279 286 292 299 
4 8 12 16 20 25 30 35 40 45 50 54 58 62 66 70 78 85 93 101 108 115 122 129 136 143 149 156 162 169 175 182 188 195 201 208 214 221 227 234 240 247 253 260 266 273 279 286 292 299 
4 8 12 16 20 25 30 35 40 45 50 54 58 62 66 70 78 85 93 101 108 115 122 129 136 143 149 156 162 169 175 182 188 195 201 208 214 221 227 234 240 247 253 260 266 273 279 286 292 300 
4 8 12 16 20 25 30 35 40 45 50 54 58 62 66 70 78 85 93 101 108 115 122 129 136 143 149 156 162 169 175 182 188 195 201 208 214 221 227 234 240 247 253 260 266 273 279 286 293 302 
4 8 12 16 20 25 30 35 40 45 50 54 58 62 66 70 78 85 93 101 108 115 122 129 136 143 149 156 162 169 175 182 188 195 201 208 214 221 227 234 240 247 253 260 266 273 279 286 294 304 
4 8 12 16 20 25 30 35 40 45 50 54 58 62 66 70 78 85 93 101 108 115 122 129 136 143 149 156 162 169 175 182 188 195 201 208 214 221 227 234 240 247 253 260 266 273 279 287 296 307 
4 8 12 16 20 25 30 35 40 45 50 54 58 62 66 70 78 85 93 101 108 115 122 129 136 143 149 156 162 169 175 182 188 195 201 208 214 221 227 234 240 247 253 260 266 273 279 288 298 310 
4 8 12 16 20 25 30 35 40 45 50 54 58 62 66 70 78 85 93 101 108 115 122 129 136 143 149 156 162 169 175 182 188 195 201 208 214 221 227 234 240 247 253 260 266 273 280 290 301 314 
4 8 12 16 20 25 30 35 40 45 50 54 58 62 66 70 78 85 93 101 108 115 122 129 136 143 149 156 162 169 175 182 188 195 201 208 214 221 227 234 240 247 253 260 266 273 281 292 304 317 
4 8 12 16 20 25 30 35 40 45 50 54 58 62 66 70 78 85 93 101 108 115 122 129 136 143 149 156 162 169 175 182 188 195 201 208 214 221 227 234 240 247 253 260 266 274 283 295 308 321 
4 8 12 16 20 25 30 35 40 45 50 54 58 62 66 70 78 85 93 101 108 115 122 129 136 143 149 156 162 169 175 182 188 195 201 208 214 221 227 234 240 247 253 260 266 275 285 298 312 325 
4 8 12 16 20 25 30 35 40 45 50 54 58 62 66 70 78 85 93 101 108 115 122 129 136 143 149 156 162 169 175 182 188 195 201 208 214 221 227 234 240 247 253 260 266 276 287 301 315 328 
4 8 12 16 20 25 30 35 40 45 50 54 58 62 66 70 78 85 93 101 108 115 122 129 136 143 149 156 162 169 175 182 188 195 201 208 214 221 227 234 240 247 253 260 266 277 289 304 318 331 
